x generation elapsed_ms log10_p sat one_minus_r2_train one_minus_r2_val one_minus_r2_third
20 20 579 -1.217860560098e1 nan 2.984360326082e-4 4.599820531440e-4 1.206013094634e-2
60 60 1799 -1.235738640795e1 nan 2.524204028304e-4 4.912262666040e-4 1.181005686522e-2
100 100 3103 -1.281414078786e1 nan 1.512797462055e-5 4.016932962370e-6 1.290578208864e-2
140 140 4365 -1.282397660730e1 nan 8.533724212612e-6 1.927055564011e-6 1.293812226504e-2
180 180 5684 -1.282879489376e1 nan 7.883548960308e-7 2.596500507934e-7 1.300272066146e-2
220 220 6950 -1.283532070308e1 nan 1.191161800418e-6 5.709432215895e-8 1.300347968936e-2
260 260 8186 -1.283750165312e1 nan 8.851980624058e-7 6.920626560714e-8 1.300129387528e-2
340 340 10852 -1.284017049901e1 nan 2.025804860750e-6 6.993000323252e-8 1.300127524883e-2
380 380 12116 -1.284284361516e1 nan 1.380433900411e-6 3.786704638742e-8 1.300069037825e-2
420 420 13333 -1.284406027617e1 nan 6.005599856307e-7 1.642669644752e-8 1.300074812025e-2
460 460 14574 -1.284454697122e1 nan 1.600285486347e-6 4.752821081144e-8 1.300051994622e-2
500 500 15887 -1.284479056620e1 nan 4.395802477575e-7 2.056241044102e-8 1.300019491464e-2
540 540 17130 -1.284649554376e1 nan 6.937995068457e-7 1.678992600507e-8 1.300041005015e-2
580 580 18432 -1.284673927548e1 nan 5.527743951461e-7 1.730459864291e-8 1.300036069006e-2
620 620 19683 -1.285480138003e1 nan 3.835759344040e-6 9.868432243820e-6 1.255680993199e-2
660 660 21021 -1.289393056340e1 nan 1.799072833819e-6 2.374949872430e-6 1.230661384761e-2
700 700 22271 -1.291814312310e1 nan 1.831850386225e-5 3.660197762656e-5 1.166645437479e-2
740 740 23538 -1.294734097582e1 nan 1.092010279535e-5 3.687678690756e-5 1.163736637682e-2
780 780 24827 -1.296473302629e1 nan 1.142256951436e-5 3.707430732902e-5 1.160364877433e-2
860 860 27340 -1.296525484976e1 nan 1.101618545363e-5 3.718892548921e-5 1.160323712975e-2
1060 1060 33842 -1.296525484976e1 nan 1.101618545363e-5 3.718892548921e-5 1.160323712975e-2
1260 1260 40313 -1.296525484976e1 nan 1.101618545363e-5 3.718892548921e-5 1.160323712975e-2
1460 1460 46722 -1.296891165088e1 nan 1.146878730640e-5 3.636271503638e-5 1.160123292357e-2
1540 1540 49296 -1.297021999811e1 nan 1.041017549142e-5 3.572991772682e-5 1.160298381001e-2
1620 1620 51941 -1.297336351766e1 nan 9.811300515250e-6 3.400383138796e-5 1.160313002765e-2
1820 1820 58404 -1.297362552937e1 nan 9.931418390008e-6 3.441491935519e-5 1.160300802439e-2
1860 1860 59687 -1.297467469524e1 nan 9.827613211999e-6 3.521651888161e-5 1.160256285220e-2
2060 2060 66304 -1.297546200809e1 nan 9.800768566381e-6 3.521782855398e-5 1.160255540162e-2
2100 2100 67588 -1.297756361153e1 nan 9.631673492438e-6 3.416625258978e-5 1.160293817520e-2
2300 2300 74065 -1.297756361153e1 nan 9.631673492438e-6 3.416625258978e-5 1.160293817520e-2
2500 2500 80487 -1.297756361153e1 nan 9.631673492438e-6 3.416625258978e-5 1.160293817520e-2
2700 2700 86793 -1.297756361153e1 nan 9.631673492438e-6 3.416625258978e-5 1.160293817520e-2
2900 2900 93232 -1.297756361153e1 nan 9.631673492438e-6 3.416625258978e-5 1.160293817520e-2
3020 3020 97052 -1.307179816664e1 nan 1.021739626605e-5 5.590076852968e-6 1.022655982524e-2
3060 3060 98365 -1.308544784768e1 nan 1.341985444003e-5 2.670245157799e-5 1.018951833248e-2
3180 3180 102194 -1.308712628518e1 nan 1.904651071516e-5 6.187977760419e-6 1.018704660237e-2
3220 3220 103537 -1.309892365964e1 nan 1.438303115719e-5 5.350913397595e-6 1.020047068596e-2
3420 3420 110032 -1.310005149541e1 nan 1.438303115719e-5 5.350913397595e-6 1.018750946969e-2
3620 3620 116592 -1.310005149541e1 nan 1.438303115719e-5 5.350913397595e-6 1.018750946969e-2
3820 3820 122917 -1.310005149541e1 nan 1.438303115719e-5 5.350913397595e-6 1.018750946969e-2
4020 4020 129420 -1.310005149541e1 nan 1.438303115719e-5 5.350913397595e-6 1.018750946969e-2
4220 4220 135937 -1.311762579268e1 nan 2.320784187759e-5 1.101501038636e-5 1.014161203057e-2
4260 4260 137257 -1.312047667781e1 nan 2.011831747961e-5 1.389739736624e-5 1.014246605337e-2
4300 4300 138594 -1.312304721730e1 nan 1.901462383103e-5 1.477370187797e-5 1.013583317399e-2
4340 4340 139785 -1.312705266847e1 nan 1.908568810904e-5 1.165810863324e-5 1.014925912023e-2
4540 4540 146129 -1.313451621815e1 nan 1.540375887998e-5 9.395160304848e-6 1.013766881078e-2
4700 4700 151284 -1.314056777059e1 nan 1.597584923718e-5 9.835834134830e-6 1.013738010079e-2
4740 4740 152559 -1.314143396811e1 nan 1.640051596041e-5 9.617849173194e-6 1.013669651002e-2
4780 4780 153848 -1.314983072265e1 nan 6.868899799883e-5 9.038296411634e-6 9.508899413049e-3
4980 4980 160212 -1.315041115976e1 nan 6.911717355240e-5 8.980876373244e-6 9.511673822999e-3
5020 5020 161486 -1.320347100299e1 nan 7.097548223101e-5 2.587892959116e-5 9.241156280041e-3
5220 5220 167750 -1.320586765299e1 nan 7.033671863599e-5 2.599850267881e-5 9.242478758097e-3
5260 5260 168989 -1.321578706270e1 nan 6.854550156277e-5 4.478732807922e-5 9.175879880786e-3
5460 5460 175359 -1.321578706270e1 nan 6.854550156277e-5 4.478732807922e-5 9.175879880786e-3
5660 5660 181681 -1.321578706270e1 nan 6.854550156277e-5 4.478732807922e-5 9.175879880786e-3
5860 5860 187933 -1.321578706270e1 nan 6.854550156277e-5 4.478732807922e-5 9.175879880786e-3
6060 6060 194412 -1.321578706270e1 nan 6.854550156277e-5 4.478732807922e-5 9.175879880786e-3
6260 6260 200790 -1.322061735972e1 nan 6.533321720781e-5 4.056346733705e-5 9.176005609334e-3
6460 6460 207122 -1.322061735972e1 nan 6.533321720781e-5 4.056346733705e-5 9.176005609334e-3
6660 6660 213459 -1.322091972373e1 nan 6.537759327319e-5 4.071595685684e-5 9.176688268781e-3
6860 6860 219794 -1.323153396370e1 nan 4.271435318515e-5 2.039040191437e-5 9.182437323034e-3
7060 7060 226213 -1.323153396370e1 nan 4.271435318515e-5 2.039040191437e-5 9.182437323034e-3
7260 7260 232549 -1.323153396370e1 nan 4.271435318515e-5 2.039040191437e-5 9.182437323034e-3
7460 7460 238652 -1.323153396370e1 nan 4.271435318515e-5 2.039040191437e-5 9.182437323034e-3
7660 7660 245066 -1.323153396370e1 nan 4.271435318515e-5 2.039040191437e-5 9.182437323034e-3
7860 7860 251296 -1.323153396370e1 nan 4.271435318515e-5 2.039040191437e-5 9.182437323034e-3
8060 8060 257650 -1.323153396370e1 nan 4.271435318515e-5 2.039040191437e-5 9.182437323034e-3
8260 8260 264058 -1.323305552293e1 nan 7.445295523212e-6 8.914304315821e-7 9.164757095277e-3
8300 8300 265331 -1.327216029296e1 nan 2.451057753206e-6 5.836626115752e-8 9.119430556893e-3
8340 8340 266650 -1.327340657196e1 nan 7.373030825875e-7 4.705644240932e-8 9.120230562985e-3
8380 8380 267887 -1.327434170034e1 nan 2.333541488042e-6 5.964277960402e-8 9.119099006057e-3
8460 8460 270514 -1.328152786623e1 nan 2.371961045355e-6 1.287029149921e-9 9.119870141149e-3
8660 8660 276985 -1.328152786623e1 nan 2.371961045355e-6 1.287029149921e-9 9.119870141149e-3
8860 8860 283487 -1.328152786623e1 nan 2.371961045355e-6 1.287029149921e-9 9.119870141149e-3
8900 8900 284780 -1.328215389118e1 nan 9.884158771456e-7 1.661536019881e-9 9.119338355958e-3
9100 9100 291338 -1.328215389118e1 nan 9.884158771456e-7 1.661536019881e-9 9.119338355958e-3
9220 9220 295262 -1.328246719764e1 nan 9.792862556424e-7 2.842748036969e-9 9.119318798184e-3
9300 9300 297861 -1.328278028069e1 nan 8.926798500397e-7 6.063347601781e-10 9.119580499828e-3
9500 9500 304465 -1.328278028069e1 nan 8.926798500397e-7 6.063347601781e-10 9.119580499828e-3
9700 9700 311067 -1.328278028069e1 nan 8.926798500397e-7 6.063347601781e-10 9.119580499828e-3
9740 9740 312358 -1.333590799787e1 nan 8.926144799970e-7 6.053232359804e-10 8.512013591826e-3
9900 9900 317628 -1.334757652376e1 nan 8.926144799970e-7 6.053232359804e-10 8.497422561050e-3
10100 10100 324186 -1.334757652376e1 nan 8.926144799970e-7 6.053232359804e-10 8.497422561050e-3
10300 10300 330732 -1.334757652376e1 nan 8.926144799970e-7 6.053232359804e-10 8.497422561050e-3
10340 10340 332044 -1.334790219997e1 nan 9.850870128503e-7 4.907647621621e-10 8.497250266373e-3
10540 10540 338593 -1.334790219997e1 nan 9.850870128503e-7 4.907647621621e-10 8.497250266373e-3
10740 10740 345004 -1.334790219997e1 nan 9.850870128503e-7 4.907647621621e-10 8.497250266373e-3
10940 10940 351536 -1.334790219997e1 nan 9.850870128503e-7 4.907647621621e-10 8.497250266373e-3
11140 11140 358201 -1.334790219997e1 nan 9.850870128503e-7 4.907647621621e-10 8.497250266373e-3
11340 11340 364842 -1.334790219997e1 nan 9.850870128503e-7 4.907647621621e-10 8.497250266373e-3
11540 11540 371465 -1.334790219997e1 nan 9.850870128503e-7 4.907647621621e-10 8.497250266373e-3
11740 11740 378114 -1.334790219997e1 nan 9.850870128503e-7 4.907647621621e-10 8.497250266373e-3
11940 11940 384753 -1.334790219997e1 nan 9.850870128503e-7 4.907647621621e-10 8.497250266373e-3
12140 12140 391336 -1.334790219997e1 nan 9.850870128503e-7 4.907647621621e-10 8.497250266373e-3
12340 12340 397883 -1.334790219997e1 nan 9.850870128503e-7 4.907647621621e-10 8.497250266373e-3
12540 12540 404598 -1.334790219997e1 nan 9.850870128503e-7 4.907647621621e-10 8.497250266373e-3
12740 12740 411030 -1.334790219997e1 nan 9.850870128503e-7 4.907647621621e-10 8.497250266373e-3
12940 12940 417453 -1.334790219997e1 nan 9.850870128503e-7 4.907647621621e-10 8.497250266373e-3
13140 13140 424086 -1.334790219997e1 nan 9.850870128503e-7 4.907647621621e-10 8.497250266373e-3
13340 13340 430578 -1.334790219997e1 nan 9.850870128503e-7 4.907647621621e-10 8.497250266373e-3
13500 13500 435864 -1.335018047948e1 nan 9.838597634371e-7 2.572646429222e-9 8.496091701090e-3
13540 13540 437159 -1.335115781942e1 nan 9.850870128503e-7 4.907647621621e-10 8.495960384607e-3
13740 13740 443823 -1.335115781942e1 nan 9.850870128503e-7 4.907647621621e-10 8.495960384607e-3
13940 13940 450482 -1.335115781942e1 nan 9.850870128503e-7 4.907647621621e-10 8.495960384607e-3
14140 14140 457097 -1.335115781942e1 nan 9.850870128503e-7 4.907647621621e-10 8.495960384607e-3
14340 14340 463703 -1.335115781942e1 nan 9.850870128503e-7 4.907647621621e-10 8.495960384607e-3
14540 14540 470275 -1.335115781942e1 nan 9.850870128503e-7 4.907647621621e-10 8.495960384607e-3
14740 14740 476863 -1.335115781942e1 nan 9.850870128503e-7 4.907647621621e-10 8.495960384607e-3
14940 14940 483442 -1.335115781942e1 nan 9.850870128503e-7 4.907647621621e-10 8.495960384607e-3
15140 15140 490210 -1.335115781942e1 nan 9.850870128503e-7 4.907647621621e-10 8.495960384607e-3
15340 15340 496796 -1.335115781942e1 nan 9.850870128503e-7 4.907647621621e-10 8.495960384607e-3
15540 15540 503291 -1.335115781942e1 nan 9.850870128503e-7 4.907647621621e-10 8.495960384607e-3
15740 15740 509881 -1.335115781942e1 nan 9.850870128503e-7 4.907647621621e-10 8.495960384607e-3
15940 15940 516341 -1.335115781942e1 nan 9.850870128503e-7 4.907647621621e-10 8.495960384607e-3
16140 16140 522852 -1.335115781942e1 nan 9.850870128503e-7 4.907647621621e-10 8.495960384607e-3
16340 16340 529743 -1.335115781942e1 nan 9.850870128503e-7 4.907647621621e-10 8.495960384607e-3
16540 16540 536258 -1.335115781942e1 nan 9.850870128503e-7 4.907647621621e-10 8.495960384607e-3
16740 16740 542847 -1.335115781942e1 nan 9.850870128503e-7 4.907647621621e-10 8.495960384607e-3
16940 16940 549547 -1.335115781942e1 nan 9.850870128503e-7 4.907647621621e-10 8.495960384607e-3
17140 17140 556280 -1.335115781942e1 nan 9.850870128503e-7 4.907647621621e-10 8.495960384607e-3
17340 17340 562978 -1.335115781942e1 nan 9.850870128503e-7 4.907647621621e-10 8.495960384607e-3
17540 17540 569639 -1.335115781942e1 nan 9.850870128503e-7 4.907647621621e-10 8.495960384607e-3
17740 17740 576221 -1.335115781942e1 nan 9.850870128503e-7 4.907647621621e-10 8.495960384607e-3
17940 17940 582809 -1.335115781942e1 nan 9.850870128503e-7 4.907647621621e-10 8.495960384607e-3
18140 18140 589372 -1.335115781942e1 nan 9.850870128503e-7 4.907647621621e-10 8.495960384607e-3
18340 18340 595918 -1.335115781942e1 nan 9.850870128503e-7 4.907647621621e-10 8.495960384607e-3
18540 18540 602607 -1.335115781942e1 nan 9.850870128503e-7 4.907647621621e-10 8.495960384607e-3
18740 18740 609314 -1.335115781942e1 nan 9.850870128503e-7 4.907647621621e-10 8.495960384607e-3
18940 18940 615832 -1.335115781942e1 nan 9.850870128503e-7 4.907647621621e-10 8.495960384607e-3
19140 19140 622409 -1.335115781942e1 nan 9.850870128503e-7 4.907647621621e-10 8.495960384607e-3
19340 19340 628866 -1.335115781942e1 nan 9.850870128503e-7 4.907647621621e-10 8.495960384607e-3
19540 19540 635326 -1.335115781942e1 nan 9.850870128503e-7 4.907647621621e-10 8.495960384607e-3
19740 19740 641756 -1.335115781942e1 nan 9.850870128503e-7 4.907647621621e-10 8.495960384607e-3
19940 19940 648253 -1.335115781942e1 nan 9.850870128503e-7 4.907647621621e-10 8.495960384607e-3
20140 20140 654713 -1.335115781942e1 nan 9.850870128503e-7 4.907647621621e-10 8.495960384607e-3
20340 20340 661167 -1.335115781942e1 nan 9.850870128503e-7 4.907647621621e-10 8.495960384607e-3
20540 20540 667678 -1.335115781942e1 nan 9.850870128503e-7 4.907647621621e-10 8.495960384607e-3
20740 20740 674062 -1.335115781942e1 nan 9.850870128503e-7 4.907647621621e-10 8.495960384607e-3
20940 20940 680717 -1.335115781942e1 nan 9.850870128503e-7 4.907647621621e-10 8.495960384607e-3
21140 21140 687186 -1.335115781942e1 nan 9.850870128503e-7 4.907647621621e-10 8.495960384607e-3
21340 21340 693805 -1.335115781942e1 nan 9.850870128503e-7 4.907647621621e-10 8.495960384607e-3
21540 21540 700343 -1.335115781942e1 nan 9.850870128503e-7 4.907647621621e-10 8.495960384607e-3
21740 21740 706976 -1.335115781942e1 nan 9.850870128503e-7 4.907647621621e-10 8.495960384607e-3
21940 21940 713690 -1.335115781942e1 nan 9.850870128503e-7 4.907647621621e-10 8.495960384607e-3
22140 22140 720253 -1.335115781942e1 nan 9.850870128503e-7 4.907647621621e-10 8.495960384607e-3
22340 22340 726707 -1.346391441094e1 nan 7.546816959803e-6 7.604734264532e-7 7.484580390155e-3
22540 22540 733364 -1.346391441094e1 nan 7.546816959803e-6 7.604734264532e-7 7.484580390155e-3
22660 22660 737314 -1.348701904651e1 nan 4.799531440058e-7 3.268016601776e-8 7.467500865459e-3
22700 22700 738674 -1.348772408402e1 nan 4.824350979815e-7 2.860897296841e-8 7.467893417925e-3
22900 22900 745482 -1.348772408402e1 nan 4.824350979815e-7 2.860897296841e-8 7.467893417925e-3
22940 22940 746846 -1.348913485567e1 nan 4.818595583655e-7 2.785653663295e-8 7.466508075595e-3
23020 23020 749588 -1.349019377818e1 nan 4.800328952115e-7 2.876781657335e-8 7.465834729374e-3
23060 23060 750949 -1.349125302366e1 nan 4.431110768310e-7 2.214563998848e-8 7.465544156730e-3
23260 23260 757735 -1.349125302366e1 nan 4.431110768310e-7 2.214563998848e-8 7.465544156730e-3
23380 23380 761930 -1.349408122023e1 nan 4.434350273641e-7 2.121554121270e-8 7.465402130038e-3
23580 23580 768790 -1.349408122023e1 nan 4.434350273641e-7 2.121554121270e-8 7.465402130038e-3
23780 23780 775794 -1.349408122023e1 nan 4.434350273641e-7 2.121554121270e-8 7.465402130038e-3
23980 23980 782680 -1.349408122023e1 nan 4.434350273641e-7 2.121554121270e-8 7.465402130038e-3
24180 24180 789601 -1.349408122023e1 nan 4.434350273641e-7 2.121554121270e-8 7.465402130038e-3
24380 24380 796504 -1.349408122023e1 nan 4.434350273641e-7 2.121554121270e-8 7.465402130038e-3
24580 24580 803479 -1.349408122023e1 nan 4.434350273641e-7 2.121554121270e-8 7.465402130038e-3
24780 24780 810587 -1.349408122023e1 nan 4.434350273641e-7 2.121554121270e-8 7.465402130038e-3
24980 24980 817504 -1.349408122023e1 nan 4.434350273641e-7 2.121554121270e-8 7.465402130038e-3
25180 25180 824598 -1.349408122023e1 nan 4.434350273641e-7 2.121554121270e-8 7.465402130038e-3
25380 25380 831636 -1.349408122023e1 nan 4.434350273641e-7 2.121554121270e-8 7.465402130038e-3
25580 25580 838532 -1.349408122023e1 nan 4.434350273641e-7 2.121554121270e-8 7.465402130038e-3
25780 25780 845659 -1.349443564243e1 nan 4.435994184204e-7 2.128875919993e-8 7.465343456715e-3
25980 25980 852597 -1.349443564243e1 nan 4.435994184204e-7 2.128875919993e-8 7.465343456715e-3
26180 26180 859539 -1.349443564243e1 nan 4.435994184204e-7 2.128875919993e-8 7.465343456715e-3
26380 26380 866575 -1.349443564243e1 nan 4.435994184204e-7 2.128875919993e-8 7.465343456715e-3
26580 26580 873562 -1.349443564243e1 nan 4.435994184204e-7 2.128875919993e-8 7.465343456715e-3
26780 26780 880682 -1.349443564243e1 nan 4.435994184204e-7 2.128875919993e-8 7.465343456715e-3
26980 26980 887796 -1.349443564243e1 nan 4.435994184204e-7 2.128875919993e-8 7.465343456715e-3
27180 27180 894831 -1.349443564243e1 nan 4.435994184204e-7 2.128875919993e-8 7.465343456715e-3
27380 27380 901920 -1.349443564243e1 nan 4.435994184204e-7 2.128875919993e-8 7.465343456715e-3
27580 27580 908764 -1.349443564243e1 nan 4.435994184204e-7 2.128875919993e-8 7.465343456715e-3
27780 27780 915669 -1.349443564243e1 nan 4.435994184204e-7 2.128875919993e-8 7.465343456715e-3
27980 27980 922672 -1.349443564243e1 nan 4.435994184204e-7 2.128875919993e-8 7.465343456715e-3
28180 28180 929604 -1.349443564243e1 nan 4.435994184204e-7 2.128875919993e-8 7.465343456715e-3
28380 28380 936625 -1.349443564243e1 nan 4.435994184204e-7 2.128875919993e-8 7.465343456715e-3
28580 28580 943539 -1.349443564243e1 nan 4.435994184204e-7 2.128875919993e-8 7.465343456715e-3
28780 28780 950605 -1.349443564243e1 nan 4.435994184204e-7 2.128875919993e-8 7.465343456715e-3
28980 28980 957604 -1.349443564243e1 nan 4.435994184204e-7 2.128875919993e-8 7.465343456715e-3
29180 29180 964684 -1.349443564243e1 nan 4.435994184204e-7 2.128875919993e-8 7.465343456715e-3
29380 29380 971789 -1.349443564243e1 nan 4.435994184204e-7 2.128875919993e-8 7.465343456715e-3
29580 29580 978881 -1.349443564243e1 nan 4.435994184204e-7 2.128875919993e-8 7.465343456715e-3
29780 29780 986087 -1.349443564243e1 nan 4.435994184204e-7 2.128875919993e-8 7.465343456715e-3
29980 29980 993265 -1.349443564243e1 nan 4.435994184204e-7 2.128875919993e-8 7.465343456715e-3
30180 30180 1000281 -1.349443564243e1 nan 4.435994184204e-7 2.128875919993e-8 7.465343456715e-3
30400 30400 1009214 -1.349443564243e1 nan 4.435994184204e-7 2.128875919993e-8 7.465343456715e-3
30600 30600 1018351 -1.349443564243e1 nan 4.435994184204e-7 2.128875919993e-8 7.465343456715e-3
30800 30800 1030909 -1.349443564243e1 nan 4.435994184204e-7 2.128875919993e-8 7.465343456715e-3
31000 31000 1042429 -1.349443564243e1 nan 4.435994184204e-7 2.128875919993e-8 7.465343456715e-3
31220 31220 1055047 -1.349443564243e1 nan 4.435994184204e-7 2.128875919993e-8 7.465343456715e-3
31420 31420 1062454 -1.349443564243e1 nan 4.435994184204e-7 2.128875919993e-8 7.465343456715e-3
31620 31620 1069278 -1.349443564243e1 nan 4.435994184204e-7 2.128875919993e-8 7.465343456715e-3
31820 31820 1076034 -1.349443564243e1 nan 4.435994184204e-7 2.128875919993e-8 7.465343456715e-3
32020 32020 1083038 -1.349443564243e1 nan 4.435994184204e-7 2.128875919993e-8 7.465343456715e-3
32220 32220 1090148 -1.349443564243e1 nan 4.435994184204e-7 2.128875919993e-8 7.465343456715e-3
32420 32420 1099906 -1.349443564243e1 nan 4.435994184204e-7 2.128875919993e-8 7.465343456715e-3
32640 32640 1111909 -1.349443564243e1 nan 4.435994184204e-7 2.128875919993e-8 7.465343456715e-3
32840 32840 1123080 -1.349443564243e1 nan 4.435994184204e-7 2.128875919993e-8 7.465343456715e-3
33040 33040 1134492 -1.349443564243e1 nan 4.435994184204e-7 2.128875919993e-8 7.465343456715e-3
33240 33240 1143373 -1.349443564243e1 nan 4.435994184204e-7 2.128875919993e-8 7.465343456715e-3
33440 33440 1150437 -1.349443564243e1 nan 4.435994184204e-7 2.128875919993e-8 7.465343456715e-3
33640 33640 1157331 -1.349443564243e1 nan 4.435994184204e-7 2.128875919993e-8 7.465343456715e-3
33840 33840 1164395 -1.349443564243e1 nan 4.435994184204e-7 2.128875919993e-8 7.465343456715e-3
34040 34040 1171338 -1.349443564243e1 nan 4.435994184204e-7 2.128875919993e-8 7.465343456715e-3
34240 34240 1178445 -1.349443564243e1 nan 4.435994184204e-7 2.128875919993e-8 7.465343456715e-3
34440 34440 1185463 -1.349443564243e1 nan 4.435994184204e-7 2.128875919993e-8 7.465343456715e-3
34640 34640 1192446 -1.349443564243e1 nan 4.435994184204e-7 2.128875919993e-8 7.465343456715e-3
34840 34840 1199433 -1.349443564243e1 nan 4.435994184204e-7 2.128875919993e-8 7.465343456715e-3
35040 35040 1206411 -1.349443564243e1 nan 4.435994184204e-7 2.128875919993e-8 7.465343456715e-3
35240 35240 1213472 -1.349443564243e1 nan 4.435994184204e-7 2.128875919993e-8 7.465343456715e-3
35440 35440 1220336 -1.349443564243e1 nan 4.435994184204e-7 2.128875919993e-8 7.465343456715e-3
35640 35640 1227280 -1.349443564243e1 nan 4.435994184204e-7 2.128875919993e-8 7.465343456715e-3
35840 35840 1234282 -1.349443564243e1 nan 4.435994184204e-7 2.128875919993e-8 7.465343456715e-3
36040 36040 1241120 -1.349443564243e1 nan 4.435994184204e-7 2.128875919993e-8 7.465343456715e-3
36240 36240 1248183 -1.349443564243e1 nan 4.435994184204e-7 2.128875919993e-8 7.465343456715e-3
36440 36440 1255275 -1.349443564243e1 nan 4.435994184204e-7 2.128875919993e-8 7.465343456715e-3
36640 36640 1262163 -1.349443564243e1 nan 4.435994184204e-7 2.128875919993e-8 7.465343456715e-3
36840 36840 1269457 -1.349443564243e1 nan 4.435994184204e-7 2.128875919993e-8 7.465343456715e-3
37040 37040 1276564 -1.349443564243e1 nan 4.435994184204e-7 2.128875919993e-8 7.465343456715e-3
37240 37240 1283540 -1.349443564243e1 nan 4.435994184204e-7 2.128875919993e-8 7.465343456715e-3
37440 37440 1290560 -1.349443564243e1 nan 4.435994184204e-7 2.128875919993e-8 7.465343456715e-3
37640 37640 1297491 -1.349443564243e1 nan 4.435994184204e-7 2.128875919993e-8 7.465343456715e-3
37840 37840 1304365 -1.349443564243e1 nan 4.435994184204e-7 2.128875919993e-8 7.465343456715e-3
38040 38040 1311340 -1.349443564243e1 nan 4.435994184204e-7 2.128875919993e-8 7.465343456715e-3
38240 38240 1318465 -1.349514352512e1 nan 4.512279616620e-8 6.729123036564e-9 7.460370659828e-3
38280 38280 1319909 -1.349585181974e1 nan 4.352969196209e-8 6.946240360683e-9 7.461120374501e-3
38480 38480 1326954 -1.349585181974e1 nan 4.352969196209e-8 6.946240360683e-9 7.461120374501e-3
38680 38680 1333875 -1.349585181974e1 nan 4.352969196209e-8 6.946240360683e-9 7.461120374501e-3
38880 38880 1340810 -1.349585181974e1 nan 4.352969196209e-8 6.946240360683e-9 7.461120374501e-3
39080 39080 1347818 -1.349585181974e1 nan 4.352969196209e-8 6.946240360683e-9 7.461120374501e-3
39280 39280 1354886 -1.349585181974e1 nan 4.352969196209e-8 6.946240360683e-9 7.461120374501e-3
39480 39480 1362087 -1.349585181974e1 nan 4.352969196209e-8 6.946240360683e-9 7.461120374501e-3
39680 39680 1369109 -1.349585181974e1 nan 4.352969196209e-8 6.946240360683e-9 7.461120374501e-3
39880 39880 1376190 -1.349585181974e1 nan 4.352969196209e-8 6.946240360683e-9 7.461120374501e-3
40080 40080 1383173 -1.349585181974e1 nan 4.352969196209e-8 6.946240360683e-9 7.461120374501e-3
40280 40280 1390319 -1.349585181974e1 nan 4.352969196209e-8 6.946240360683e-9 7.461120374501e-3
40480 40480 1397421 -1.349585181974e1 nan 4.352969196209e-8 6.946240360683e-9 7.461120374501e-3
40680 40680 1404513 -1.349585181974e1 nan 4.352969196209e-8 6.946240360683e-9 7.461120374501e-3
40880 40880 1411666 -1.349585181974e1 nan 4.352969196209e-8 6.946240360683e-9 7.461120374501e-3
41080 41080 1418644 -1.349585181974e1 nan 4.352969196209e-8 6.946240360683e-9 7.461120374501e-3
41280 41280 1425585 -1.349585181974e1 nan 4.352969196209e-8 6.946240360683e-9 7.461120374501e-3
41480 41480 1432612 -1.349585181974e1 nan 4.352969196209e-8 6.946240360683e-9 7.461120374501e-3
41680 41680 1439696 -1.349585181974e1 nan 4.352969196209e-8 6.946240360683e-9 7.461120374501e-3
41880 41880 1446708 -1.349585181974e1 nan 4.352969196209e-8 6.946240360683e-9 7.461120374501e-3
41960 41960 1450683 -1.349620615505e1 nan 4.510792794843e-8 6.774557359535e-9 7.460049819201e-3
42160 42160 1459530 -1.349620615505e1 nan 4.510792794843e-8 6.774557359535e-9 7.460049819201e-3
42360 42360 1471423 -1.349620615505e1 nan 4.510792794843e-8 6.774557359535e-9 7.460049819201e-3
42560 42560 1483186 -1.349620615505e1 nan 4.510792794843e-8 6.774557359535e-9 7.460049819201e-3
42760 42760 1494482 -1.349620615505e1 nan 4.510792794843e-8 6.774557359535e-9 7.460049819201e-3
42960 42960 1502100 -1.349620615505e1 nan 4.510792794843e-8 6.774557359535e-9 7.460049819201e-3
43160 43160 1508994 -1.349620615505e1 nan 4.510792794843e-8 6.774557359535e-9 7.460049819201e-3
43360 43360 1516119 -1.349620615505e1 nan 4.510792794843e-8 6.774557359535e-9 7.460049819201e-3
43560 43560 1523161 -1.349620615505e1 nan 4.510792794843e-8 6.774557359535e-9 7.460049819201e-3
43760 43760 1530624 -1.349620615505e1 nan 4.510792794843e-8 6.774557359535e-9 7.460049819201e-3
43960 43960 1537725 -1.349620615505e1 nan 4.510792794843e-8 6.774557359535e-9 7.460049819201e-3
44160 44160 1544811 -1.349620615505e1 nan 4.510792794843e-8 6.774557359535e-9 7.460049819201e-3
44360 44360 1551865 -1.349620615505e1 nan 4.510792794843e-8 6.774557359535e-9 7.460049819201e-3
44560 44560 1558946 -1.349620615505e1 nan 4.510792794843e-8 6.774557359535e-9 7.460049819201e-3
44760 44760 1566092 -1.349620615505e1 nan 4.510792794843e-8 6.774557359535e-9 7.460049819201e-3
44960 44960 1573243 -1.349620615505e1 nan 4.510792794843e-8 6.774557359535e-9 7.460049819201e-3
45160 45160 1580223 -1.349620615505e1 nan 4.510792794843e-8 6.774557359535e-9 7.460049819201e-3
45360 45360 1587393 -1.349620615505e1 nan 4.510792794843e-8 6.774557359535e-9 7.460049819201e-3
45560 45560 1594506 -1.349620615505e1 nan 4.510792794843e-8 6.774557359535e-9 7.460049819201e-3
45760 45760 1601582 -1.349620615505e1 nan 4.510792794843e-8 6.774557359535e-9 7.460049819201e-3
45960 45960 1608626 -1.349620615505e1 nan 4.510792794843e-8 6.774557359535e-9 7.460049819201e-3
46160 46160 1615625 -1.349620615505e1 nan 4.510792794843e-8 6.774557359535e-9 7.460049819201e-3
46360 46360 1622686 -1.349620615505e1 nan 4.510792794843e-8 6.774557359535e-9 7.460049819201e-3
46560 46560 1629728 -1.349620615505e1 nan 4.510792794843e-8 6.774557359535e-9 7.460049819201e-3
46760 46760 1636932 -1.349620615505e1 nan 4.510792794843e-8 6.774557359535e-9 7.460049819201e-3
46960 46960 1643961 -1.349620615505e1 nan 4.510792794843e-8 6.774557359535e-9 7.460049819201e-3
47160 47160 1651007 -1.349620615505e1 nan 4.510792794843e-8 6.774557359535e-9 7.460049819201e-3
47360 47360 1658097 -1.349620615505e1 nan 4.510792794843e-8 6.774557359535e-9 7.460049819201e-3
47560 47560 1665072 -1.349620615505e1 nan 4.510792794843e-8 6.774557359535e-9 7.460049819201e-3
47760 47760 1672075 -1.349620615505e1 nan 4.510792794843e-8 6.774557359535e-9 7.460049819201e-3
47960 47960 1679135 -1.349620615505e1 nan 4.510792794843e-8 6.774557359535e-9 7.460049819201e-3
48160 48160 1686212 -1.349620615505e1 nan 4.510792794843e-8 6.774557359535e-9 7.460049819201e-3
48360 48360 1693153 -1.349620615505e1 nan 4.510792794843e-8 6.774557359535e-9 7.460049819201e-3
48560 48560 1700183 -1.349620615505e1 nan 4.510792794843e-8 6.774557359535e-9 7.460049819201e-3
48760 48760 1707145 -1.349620615505e1 nan 4.510792794843e-8 6.774557359535e-9 7.460049819201e-3
48960 48960 1714152 -1.349620615505e1 nan 4.510792794843e-8 6.774557359535e-9 7.460049819201e-3
49160 49160 1721199 -1.349620615505e1 nan 4.510792794843e-8 6.774557359535e-9 7.460049819201e-3
49360 49360 1728285 -1.349620615505e1 nan 4.510792794843e-8 6.774557359535e-9 7.460049819201e-3
49560 49560 1735382 -1.349620615505e1 nan 4.510792794843e-8 6.774557359535e-9 7.460049819201e-3
49760 49760 1742526 -1.349620615505e1 nan 4.510792794843e-8 6.774557359535e-9 7.460049819201e-3
49960 49960 1749618 -1.349620615505e1 nan 4.510792794843e-8 6.774557359535e-9 7.460049819201e-3
50160 50160 1756654 -1.349620615505e1 nan 4.510792794843e-8 6.774557359535e-9 7.460049819201e-3
50360 50360 1763699 -1.349620615505e1 nan 4.510792794843e-8 6.774557359535e-9 7.460049819201e-3
50560 50560 1770787 -1.349620615505e1 nan 4.510792794843e-8 6.774557359535e-9 7.460049819201e-3
50760 50760 1777827 -1.349620615505e1 nan 4.510792794843e-8 6.774557359535e-9 7.460049819201e-3
50960 50960 1784890 -1.349620615505e1 nan 4.510792794843e-8 6.774557359535e-9 7.460049819201e-3
51160 51160 1791926 -1.349620615505e1 nan 4.510792794843e-8 6.774557359535e-9 7.460049819201e-3
51360 51360 1799003 -1.349620615505e1 nan 4.510792794843e-8 6.774557359535e-9 7.460049819201e-3
51560 51560 1805999 -1.349620615505e1 nan 4.510792794843e-8 6.774557359535e-9 7.460049819201e-3
51760 51760 1813077 -1.349620615505e1 nan 4.510792794843e-8 6.774557359535e-9 7.460049819201e-3
51960 51960 1820261 -1.349620615505e1 nan 4.510792794843e-8 6.774557359535e-9 7.460049819201e-3
52160 52160 1827255 -1.349620615505e1 nan 4.510792794843e-8 6.774557359535e-9 7.460049819201e-3
52360 52360 1834119 -1.349620615505e1 nan 4.510792794843e-8 6.774557359535e-9 7.460049819201e-3
52560 52560 1841027 -1.349620615505e1 nan 4.510792794843e-8 6.774557359535e-9 7.460049819201e-3
52760 52760 1847862 -1.349620615505e1 nan 4.510792794843e-8 6.774557359535e-9 7.460049819201e-3
52960 52960 1854666 -1.349620615505e1 nan 4.510792794843e-8 6.774557359535e-9 7.460049819201e-3
53160 53160 1861648 -1.349620615505e1 nan 4.510792794843e-8 6.774557359535e-9 7.460049819201e-3
53360 53360 1868685 -1.349620615505e1 nan 4.510792794843e-8 6.774557359535e-9 7.460049819201e-3
53560 53560 1875640 -1.349620615505e1 nan 4.510792794843e-8 6.774557359535e-9 7.460049819201e-3
53760 53760 1882581 -1.349620615505e1 nan 4.510792794843e-8 6.774557359535e-9 7.460049819201e-3
53960 53960 1889536 -1.349620615505e1 nan 4.510792794843e-8 6.774557359535e-9 7.460049819201e-3
54160 54160 1898033 -1.349620615505e1 nan 4.510792794843e-8 6.774557359535e-9 7.460049819201e-3
54360 54360 1908540 -1.349620615505e1 nan 4.510792794843e-8 6.774557359535e-9 7.460049819201e-3
54560 54560 1920065 -1.349620615505e1 nan 4.510792794843e-8 6.774557359535e-9 7.460049819201e-3
54760 54760 1931558 -1.349620615505e1 nan 4.510792794843e-8 6.774557359535e-9 7.460049819201e-3
54960 54960 1942607 -1.349620615505e1 nan 4.510792794843e-8 6.774557359535e-9 7.460049819201e-3
55160 55160 1953441 -1.349620615505e1 nan 4.510792794843e-8 6.774557359535e-9 7.460049819201e-3
55360 55360 1965051 -1.349620615505e1 nan 4.510792794843e-8 6.774557359535e-9 7.460049819201e-3
55560 55560 1976201 -1.349620615505e1 nan 4.510792794843e-8 6.774557359535e-9 7.460049819201e-3
55760 55760 1983873 -1.349620615505e1 nan 4.510792794843e-8 6.774557359535e-9 7.460049819201e-3
55980 55980 1991974 -1.349620615505e1 nan 4.510792794843e-8 6.774557359535e-9 7.460049819201e-3
56180 56180 1998976 -1.349620615505e1 nan 4.510792794843e-8 6.774557359535e-9 7.460049819201e-3
56380 56380 2007286 -1.349620615505e1 nan 4.510792794843e-8 6.774557359535e-9 7.460049819201e-3
56580 56580 2019238 -1.349620615505e1 nan 4.510792794843e-8 6.774557359535e-9 7.460049819201e-3
56780 56780 2031085 -1.349620615505e1 nan 4.510792794843e-8 6.774557359535e-9 7.460049819201e-3
56980 56980 2042761 -1.349620615505e1 nan 4.510792794843e-8 6.774557359535e-9 7.460049819201e-3
57180 57180 2053804 -1.349620615505e1 nan 4.510792794843e-8 6.774557359535e-9 7.460049819201e-3
57380 57380 2065035 -1.349620615505e1 nan 4.510792794843e-8 6.774557359535e-9 7.460049819201e-3
57580 57580 2071908 -1.349620615505e1 nan 4.510792794843e-8 6.774557359535e-9 7.460049819201e-3
57780 57780 2078879 -1.349620615505e1 nan 4.510792794843e-8 6.774557359535e-9 7.460049819201e-3
57980 57980 2085853 -1.349620615505e1 nan 4.510792794843e-8 6.774557359535e-9 7.460049819201e-3
58180 58180 2096515 -1.349620615505e1 nan 4.510792794843e-8 6.774557359535e-9 7.460049819201e-3
58400 58400 2105723 -1.349620615505e1 nan 4.510792794843e-8 6.774557359535e-9 7.460049819201e-3
58600 58600 2117352 -1.349620615505e1 nan 4.510792794843e-8 6.774557359535e-9 7.460049819201e-3
58800 58800 2128946 -1.349620615505e1 nan 4.510792794843e-8 6.774557359535e-9 7.460049819201e-3
59000 59000 2140959 -1.349620615505e1 nan 4.510792794843e-8 6.774557359535e-9 7.460049819201e-3
59220 59220 2150616 -1.349620615505e1 nan 4.510792794843e-8 6.774557359535e-9 7.460049819201e-3
59420 59420 2157272 -1.349620615505e1 nan 4.510792794843e-8 6.774557359535e-9 7.460049819201e-3
59620 59620 2164326 -1.349620615505e1 nan 4.510792794843e-8 6.774557359535e-9 7.460049819201e-3
59820 59820 2171593 -1.349620615505e1 nan 4.510792794843e-8 6.774557359535e-9 7.460049819201e-3
59980 59980 2177290 -1.349620615505e1 nan 4.510792794843e-8 6.774557359535e-9 7.460049819201e-3
