x generation elapsed_ms log10_p sat one_minus_r2_train one_minus_r2_val one_minus_r2_third
500 500 13273 -1.331502178003e1 nan 1.569733285578e-4 8.223431905208e-6 nan
1000 1000 26664 -1.428349590925e1 nan 1.436687452951e-4 7.573506081826e-6 nan
1500 1500 40436 nan -20.000000 7.843789832096e-7 7.116252476180e-8 nan
2000 2000 53973 nan -20.000000 2.560429947951e-6 1.705108871874e-7 nan
2500 2500 66841 nan -20.000000 2.560429947951e-6 1.705108871874e-7 nan
3000 3000 80420 nan -20.000000 2.560429947951e-6 1.705108871874e-7 nan
3500 3500 94120 nan -20.000000 2.560429947951e-6 1.705108871874e-7 nan
4000 4000 107811 nan -20.000000 2.560429947951e-6 1.705108871874e-7 nan
4500 4500 121271 nan -20.000000 2.560429947951e-6 1.705108871874e-7 nan
5000 5000 134836 nan -20.000000 2.560429947951e-6 1.705108871874e-7 nan
5500 5500 148455 nan -20.000000 2.560429947951e-6 1.705108871874e-7 nan
6000 6000 162086 nan -20.000000 2.560429947951e-6 1.705108871874e-7 nan
6500 6500 175759 nan -20.000000 2.560429947951e-6 1.705108871874e-7 nan
7000 7000 189588 nan -20.000000 2.560429947951e-6 1.705108871874e-7 nan
7500 7500 203206 nan -20.000000 2.560429947951e-6 1.705108871874e-7 nan
8000 8000 217611 nan -20.000000 2.560429947951e-6 1.705108871874e-7 nan
8500 8500 230420 nan -20.000000 2.560429947951e-6 1.705108871874e-7 nan
9000 9000 244271 nan -20.000000 2.560429947951e-6 1.705108871874e-7 nan
9500 9500 257968 nan -20.000000 2.560429947951e-6 1.705108871874e-7 nan
10000 10000 274046 nan -20.000000 2.560429947951e-6 1.705108871874e-7 nan
10500 10500 291233 nan -20.000000 2.560429947951e-6 1.705108871874e-7 nan
11000 11000 304717 nan -20.000000 2.560429947951e-6 1.705108871874e-7 nan
11500 11500 318212 nan -20.000000 2.560429947951e-6 1.705108871874e-7 nan
12000 12000 331491 nan -20.000000 2.560429947951e-6 1.705108871874e-7 nan
12500 12500 347474 nan -20.000000 2.560429947951e-6 1.705108871874e-7 nan
13000 13000 364539 nan -20.000000 2.560429947951e-6 1.705108871874e-7 nan
13500 13500 377141 nan -20.000000 2.560429947951e-6 1.705108871874e-7 nan
14000 14000 389658 nan -20.000000 2.560429947951e-6 1.705108871874e-7 nan
14500 14500 402217 nan -20.000000 2.560429947951e-6 1.705108871874e-7 nan
15000 15000 415746 nan -20.000000 2.560429947951e-6 1.705108871874e-7 nan
15500 15500 428831 nan -20.000000 2.560429947951e-6 1.705108871874e-7 nan
16000 16000 442414 nan -20.000000 2.560429947951e-6 1.705108871874e-7 nan
16500 16500 456544 nan -20.000000 2.560429947951e-6 1.705108871874e-7 nan
17000 17000 473774 nan -20.000000 2.560429947951e-6 1.705108871874e-7 nan
17500 17500 490820 nan -20.000000 2.560429947951e-6 1.705108871874e-7 nan
18000 18000 503139 nan -20.000000 2.560429947951e-6 1.705108871874e-7 nan
18500 18500 516281 nan -20.000000 2.560429947951e-6 1.705108871874e-7 nan
19000 19000 528837 nan -20.000000 2.560429947951e-6 1.705108871874e-7 nan
19500 19500 542225 nan -20.000000 2.560429947951e-6 1.705108871874e-7 nan
20000 20000 555840 nan -20.000000 2.560429947951e-6 1.705108871874e-7 nan
20500 20500 569600 nan -20.000000 2.560429947951e-6 1.705108871874e-7 nan
21000 21000 583337 nan -20.000000 2.560429947951e-6 1.705108871874e-7 nan
21500 21500 597162 nan -20.000000 2.560429947951e-6 1.705108871874e-7 nan
22000 22000 610943 nan -20.000000 2.560429947951e-6 1.705108871874e-7 nan
22500 22500 624265 nan -20.000000 2.560429947951e-6 1.705108871874e-7 nan
23000 23000 637921 nan -20.000000 2.560429947951e-6 1.705108871874e-7 nan
23500 23500 651614 nan -20.000000 2.560429947951e-6 1.705108871874e-7 nan
24000 24000 665243 nan -20.000000 2.560429947951e-6 1.705108871874e-7 nan
24500 24500 678830 nan -20.000000 2.560429947951e-6 1.705108871874e-7 nan
25000 25000 692442 nan -20.000000 2.560429947951e-6 1.705108871874e-7 nan
25500 25500 705862 nan -20.000000 2.560429947951e-6 1.705108871874e-7 nan
26000 26000 719355 nan -20.000000 2.560429947951e-6 1.705108871874e-7 nan
26500 26500 732874 nan -20.000000 2.560429947951e-6 1.705108871874e-7 nan
27000 27000 746158 nan -20.000000 2.560429947951e-6 1.705108871874e-7 nan
27500 27500 759710 nan -20.000000 2.560429947951e-6 1.705108871874e-7 nan
28000 28000 773261 nan -20.000000 2.560429947951e-6 1.705108871874e-7 nan
28500 28500 786425 nan -20.000000 2.560429947951e-6 1.705108871874e-7 nan
29000 29000 799991 nan -20.000000 2.560429947951e-6 1.705108871874e-7 nan
29500 29500 813398 nan -20.000000 2.560429947951e-6 1.705108871874e-7 nan
30000 30000 826612 nan -20.000000 2.560429947951e-6 1.705108871874e-7 nan
30500 30500 843397 nan -20.000000 2.560429947951e-6 1.705108871874e-7 nan
31000 31000 860615 nan -20.000000 2.560429947951e-6 1.705108871874e-7 nan
31500 31500 874318 nan -20.000000 2.560429947951e-6 1.705108871874e-7 nan
32000 32000 886601 nan -20.000000 2.560429947951e-6 1.705108871874e-7 nan
32500 32500 902401 nan -20.000000 2.560429947951e-6 1.705108871874e-7 nan
33000 33000 914616 nan -20.000000 2.560429947951e-6 1.705108871874e-7 nan
33500 33500 927167 nan -20.000000 2.560429947951e-6 1.705108871874e-7 nan
34000 34000 941016 nan -20.000000 2.560429947951e-6 1.705108871874e-7 nan
34500 34500 954848 nan -20.000000 2.560429947951e-6 1.705108871874e-7 nan
35000 35000 968497 nan -20.000000 2.560429947951e-6 1.705108871874e-7 nan
35500 35500 982072 nan -20.000000 2.560429947951e-6 1.705108871874e-7 nan
36000 36000 995658 nan -20.000000 2.560429947951e-6 1.705108871874e-7 nan
36500 36500 1009273 nan -20.000000 2.560429947951e-6 1.705108871874e-7 nan
37000 37000 1022922 nan -20.000000 2.560429947951e-6 1.705108871874e-7 nan
37500 37500 1036743 nan -20.000000 2.560429947951e-6 1.705108871874e-7 nan
38000 38000 1050464 nan -20.000000 2.560429947951e-6 1.705108871874e-7 nan
38500 38500 1064099 nan -20.000000 2.560429947951e-6 1.705108871874e-7 nan
39000 39000 1077846 nan -20.000000 2.560429947951e-6 1.705108871874e-7 nan
39500 39500 1091553 nan -20.000000 2.560429947951e-6 1.705108871874e-7 nan
40000 40000 1105164 nan -20.000000 2.560429947951e-6 1.705108871874e-7 nan
40500 40500 1118830 nan -20.000000 2.560429947951e-6 1.705108871874e-7 nan
41000 41000 1132612 nan -20.000000 2.560429947951e-6 1.705108871874e-7 nan
41500 41500 1146317 nan -20.000000 2.560429947951e-6 1.705108871874e-7 nan
42000 42000 1160080 nan -20.000000 2.560429947951e-6 1.705108871874e-7 nan
42500 42500 1173758 nan -20.000000 2.560429947951e-6 1.705108871874e-7 nan
43000 43000 1187499 nan -20.000000 2.560429947951e-6 1.705108871874e-7 nan
43500 43500 1201204 nan -20.000000 2.560429947951e-6 1.705108871874e-7 nan
44000 44000 1214849 nan -20.000000 2.560429947951e-6 1.705108871874e-7 nan
44500 44500 1228555 nan -20.000000 2.560429947951e-6 1.705108871874e-7 nan
45000 45000 1242112 nan -20.000000 2.560429947951e-6 1.705108871874e-7 nan
45500 45500 1254902 nan -20.000000 2.560429947951e-6 1.705108871874e-7 nan
46000 46000 1267847 nan -20.000000 2.560429947951e-6 1.705108871874e-7 nan
46500 46500 1281459 nan -20.000000 2.560429947951e-6 1.705108871874e-7 nan
47000 47000 1295182 nan -20.000000 2.560429947951e-6 1.705108871874e-7 nan
47500 47500 1308960 nan -20.000000 2.560429947951e-6 1.705108871874e-7 nan
48000 48000 1322525 nan -20.000000 2.560429947951e-6 1.705108871874e-7 nan
48500 48500 1336260 nan -20.000000 2.560429947951e-6 1.705108871874e-7 nan
49000 49000 1349934 nan -20.000000 2.560429947951e-6 1.705108871874e-7 nan
49500 49500 1363858 nan -20.000000 2.560429947951e-6 1.705108871874e-7 nan
50000 50000 1377550 nan -20.000000 2.560429947951e-6 1.705108871874e-7 nan
50500 50500 1391342 nan -20.000000 2.560429947951e-6 1.705108871874e-7 nan
51000 51000 1405169 nan -20.000000 2.560429947951e-6 1.705108871874e-7 nan
51500 51500 1418827 nan -20.000000 2.560429947951e-6 1.705108871874e-7 nan
52000 52000 1432617 nan -20.000000 2.560429947951e-6 1.705108871874e-7 nan
52500 52500 1446397 nan -20.000000 2.560429947951e-6 1.705108871874e-7 nan
53000 53000 1460139 nan -20.000000 2.560429947951e-6 1.705108871874e-7 nan
53500 53500 1473762 nan -20.000000 2.560429947951e-6 1.705108871874e-7 nan
54000 54000 1487498 nan -20.000000 2.560429947951e-6 1.705108871874e-7 nan
54500 54500 1501342 nan -20.000000 2.560429947951e-6 1.705108871874e-7 nan
55000 55000 1514942 nan -20.000000 2.560429947951e-6 1.705108871874e-7 nan
55500 55500 1528612 nan -20.000000 2.560429947951e-6 1.705108871874e-7 nan
56000 56000 1542255 nan -20.000000 2.560429947951e-6 1.705108871874e-7 nan
56500 56500 1556003 nan -20.000000 2.560429947951e-6 1.705108871874e-7 nan
57000 57000 1569699 nan -20.000000 2.560429947951e-6 1.705108871874e-7 nan
57500 57500 1583397 nan -20.000000 2.560429947951e-6 1.705108871874e-7 nan
58000 58000 1596293 nan -20.000000 2.560429947951e-6 1.705108871874e-7 nan
58500 58500 1609465 nan -20.000000 2.560429947951e-6 1.705108871874e-7 nan
59000 59000 1623097 nan -20.000000 2.560429947951e-6 1.705108871874e-7 nan
59500 59500 1637182 nan -20.000000 2.560429947951e-6 1.705108871874e-7 nan
60000 60000 1651360 nan -20.000000 2.560429947951e-6 1.705108871874e-7 nan
60500 60500 1665326 nan -20.000000 2.560429947951e-6 1.705108871874e-7 nan
61000 61000 1679537 nan -20.000000 2.560429947951e-6 1.705108871874e-7 nan
61500 61500 1693686 nan -20.000000 2.560429947951e-6 1.705108871874e-7 nan
62000 62000 1707847 nan -20.000000 2.560429947951e-6 1.705108871874e-7 nan
62500 62500 1721984 nan -20.000000 2.560429947951e-6 1.705108871874e-7 nan
63000 63000 1736201 nan -20.000000 2.560429947951e-6 1.705108871874e-7 nan
63500 63500 1750188 nan -20.000000 2.560429947951e-6 1.705108871874e-7 nan
64000 64000 1764380 nan -20.000000 2.560429947951e-6 1.705108871874e-7 nan
64500 64500 1778507 nan -20.000000 2.560429947951e-6 1.705108871874e-7 nan
65000 65000 1792584 nan -20.000000 2.560429947951e-6 1.705108871874e-7 nan
65264 65264 1799981 nan -20.000000 2.560429947951e-6 1.705108871874e-7 nan
